0, -35.4, -25.700000000000003, 24.6
0, 0, -66.96000000000001, -49.13, 46.74
0, 0, -96.26400000000001, -70.01700000000001, 66.366
0, 0, -122.5376, -89.11530000000002, 83.0294
0, 0, -146.08384, -105.90377000000002, 98.02646
0, 31, -166.475456, -122.11339300000002, 111.723814
0, 11, -184.12791040000002, -136.20205370000002, 124.35143260000001
0, 2, -198.01511936000003, -149.08184833, 136.51628934000001
0, 0, -209.81360742400003, -159.773663497, 147.26466040600002
0, 0, -221.03224668160004, -172.2962971473, 157.23819436540003
0, 0, -230.62902201344002, -182.16666743257, 165.81437492886005
0, 0, -240.86611981209603, -192.05000068931298, 173.13293743597404
0, 0, -249.57950783088646, -198.94500062038168, 180.41964369237664
0, 0, -257.22155704779783, -206.55050055834351, 186.57767932313897
0, 0, -264.89940134301804, -212.99545050250916, 192.61991139082505
0, 0, -271.30946120871624, -219.39590545225826, 197.05792025174253
0, 0, -241.47851508784464, -195.55631490703243, 207.95212822656828
1, 0, -215.33066357906017, -175.1006834163292, 218.15691540391146
1, 0, -220.79759722115415, -155.69061507469627, 226.84122386352033
0, 0, -224.61783749903876, -139.02155356722665, 233.95710147716832
0, 0, -201.65605374913488, -125.11939821050399, 240.8613913294515
0, 1, -209.69044837422138, -143.8074583894536, 241.97525219650635
0, 0, -218.72140353679924, -164.42671255050823, 242.3777269768557
0, 0, -225.84926318311932, -186.38404129545742, 243.73995427917015
0, 0, -203.2643368648074, -204.0456371659117, 245.06595885125313
0, 0, -208.7379031783267, -216.74107344932054, 245.2593629661278
0, 0, -217.26411286049404, -229.9669661043885, 244.73342666951504
0, 0, -224.73770157444466, -243.57026949394964, 245.16008400256354
0, 0, -230.06393141700022, -253.71324254455467, 245.3440756023072
0, 0, -234.4575382753002, -259.8419182900992, 246.60966804207652
0, 0, -237.5117844477702, -263.8577264610893, 245.44870123786887
0, 0, -242.36060600299317, -277.2719538149804, 239.90383111408198
2, 0, -256.62454540269385, -289.7447584334824, 238.9134480026738
0, 0, -229.56209086242447, -292.2702825901342, 242.82210320240642
0, 7, -200.20588177618203, -299.84325433112076, 235.23989288216578
123, 5, -226.98529359856383, -301.4589288980087, 228.01590359394922
242, 0, -232.68676423870747, -255.11303600820787, 231.2143132345543
99, 0, -181.01808781483672, -204.30173240738708, 228.19288191109888
39, 27, -220.11627903335307, -227.87155916664838, 235.073593719989
14, 10, -191.90465113001778, -196.18440324998355, 242.86623434799012
4, 11, -213.414186017016, -172.2659629249852, 249.97961091319112
59, 2, -189.3727674153144, -154.93936663248667, 257.18164982187204
19, 0, -198.43549067378297, -139.24542996923802, 261.1634848396848
5, 0, -170.29194160640466, -155.3208869723142, 245.64713635571636
1, 20, -178.8627474457642, -169.3887982750828, 251.28242272014472
0, 5, -157.17647270118778, -150.6499184475745, 265.35418044813025
0, 0, -140.75882543106903, -161.98492660281704, 263.2187624033172
0, 0, -154.08294288796213, -176.68643394253536, 252.19688616298552
0, 0, -133.77464859916591, -192.91779054828183, 249.47719754668697
0, 0, -119.69718373924933, -172.42601149345367, 253.72947779201826
0, 0, -106.6274653653244, -154.5834103441083, 256.15653001281646
0, 0, -91.66471882879196, -168.32506930969748, 257.94087701153484
0, 0, -77.69824694591277, -179.39256237872775, 264.54678931038137
0, 0, -67.1284222513215, -187.253306140855, 270.19211037934326
0, 0, -57.11558002618935, -168.4279755267695, 276.97289934140895
0, 0, -50.104022023570415, -178.68517797409254, 279.67560940726804
0, 0, -42.193619821213375, -155.81666017668329, 284.30804846654127
0, 0, -34.57425783909204, -170.53499415901499, 282.97724361988713
0, 0, -30.216832055182838, -181.8814947431135, 278.87951925789844
0, 0, -25.695148849664555, -160.09334526880215, 283.4915673321086
0, 0, -49.625633964698096, -140.08401074192193, 287.7424105988978
0, 0, -73.76307056822829, -123.27560966772974, 292.168169539008
0, 0, -60.086763511405465, -100.14804870095676, 313.9513525851072
0, 67, -85.97808716026492, -80.8332438308611, 313.25621732659647
0, 28, -74.08027844423843, -66.94991944777499, 315.5305955939369
0, 8, -66.17225059981459, -46.35492750299749, 313.07753603454324
0, 1, -54.55502553983313, -39.41943475269775, 319.0697824310889
0, 0, -48.29952298584982, -33.077491277427974, 324.76280418798007
0, 77, -70.76957068726485, -15.769742149685179, 326.68652376918203
0, 89, -96.99261361853837, -12.292767934716661, 328.61787139226385
0, 30, -118.29335225668454, -8.063491141244995, 320.6560842530375
0, 9, -139.6640170310161, -6.157142027120496, 312.9904758277337
0, 91, -162.6976153279145, 9.058572175591554, 289.29142824496034
124, 246, -189.32785379512305, 8.752714958032398, 268.16228542046434
42, 98, -199.99506841561075, -18.922556537770845, 264.94605687841795
14, 37, -218.59556157404967, -17.03030088399376, 257.5514511905762
3, 13, -229.1360054166447, -42.127270795594384, 253.5963060715186
0, 3, -237.32240487498024, -20.314543716034947, 275.63667546436676
0, 302, -260.7901643874822, -82.78308934443146, 190.77300791793007
203, 110, -268.211147948734, -23.504780409988314, 193.09570712613709
90, 42, -273.0900331538606, -13.354302368989483, 203.5861364135234
35, 14, -281.6810298384745, -5.718872132090535, 214.42752277217107
12, 4, -290.81292685462705, 1.5530150811185184, 232.48477049495398
3, 1, -309.6316341691644, 17.09771357300667, 239.83629344545858
0, 50, -275.86847075224796, -21.312057784294, 252.35266410091273
0, 14, -287.28162367702316, -47.2808520058646, 239.81739769082145
0, 3, -294.0534613093209, -32.352766805278144, 248.5356579217393
0, 12, -292.3481151783888, -60.71749012475033, 247.18209212956538
0, 26, -292.21330366054997, -45.44574111227529, 260.96388291660884
0, 7, -290.89197329449496, -34.801167001047766, 264.367494624948
0, 1, -258.4027759650455, -61.62105030094299, 264.9307451624532
0, 0, -230.26249836854097, -54.958945270848695, 267.9376706462079
0, 0, -235.23624853168687, -48.46305074376382, 266.3439035815871
0, 0, -240.81262367851818, -72.91674566938744, 272.6095132234284
0, 0, -207.33136131066635, -58.0250711024487, 273.84856190108553
0, 0, -179.69822517959972, -51.32256399220383, 278.063705710977
0, 0, -187.82840266163976, -31.49030759298345, 291.3573351398793
0, 0, -194.74556239547582, -18.641276833685104, 302.22160162589137
0, 0, -171.97100615592822, -6.677149150316595, 312.6994414633022
0, 0, -154.7739055403354, -4.209434235284935, 307.429497316972
0, 0, -131.19651498630185, -35.188490811756445, 288.9865475852748
116, 145, -143.87686348767167, -20.969641730580797, 286.08789282674735
41, 56, -127.6891771389045, -8.672677557522716, 294.57910354407267
13, 20, -114.02025942501405, 2.6945901982295553, 306.1211931896654
3, 7, -97.71823348251264, 7.4251311784066, 315.0090738706989
0, 1, -81.24641013426138, 14.282618060565941, 324.908166483629
0, 0, -69.52176912083524, -13.945643745490653, 326.61734983526605
0, 20, -61.66959220875172, -7.951079370941588, 327.9556148517395
0, 5, -81.30263298787655, -4.855971433847429, 312.0600533665655
0, 0, -102.3723696890889, 0.8296257095373134, 325.954048029909
0, 0, -123.73513272018002, 9.646663138583582, 334.9586432269181
0, 0, -109.86161944816202, 19.381996824725228, 335.7627789042263
0, 0, -89.17545750334581, -11.256202857747297, 328.8865010138037
0, 0, -72.85791175301122, -41.83058257197257, 324.29785091242337
0, 0, -60.77212057771011, -68.04752431477532, 320.26806582118104
0, 0, -46.794908519939106, -54.64277188329778, 324.24125923906297
0, 0, -41.515417667945194, -44.478494694968006, 325.8171333151567
0, 0, -72.16387590115067, -33.73064522547121, 331.135419983641
0, 0, -97.34748831103562, -23.857580702924086, 337.7218779852769
0, 0, -124.01273947993207, -14.071822632631678, 336.7496901867492
0, 0, -142.41146553193886, -12.66464036936851, 315.5747211680743
34, 0, -126.77031897874497, -4.598176332431658, 315.71724905126683
9, 0, -111.29328708087047, -3.3383586991884924, 314.24552414614016
1, 0, -100.06395837278343, -29.804522829269644, 312.12097173152614
0, 0, -86.15756253550508, -25.42407054634268, 314.80887455837353
0, 0, -105.94180628195458, -13.381663491708412, 314.8279871025362
0, 0, -121.84762565375912, -8.943497142537572, 308.9451883922826
0, 0, -103.66286308838322, -6.749147428283815, 299.95066955305435
0, 0, -86.9965767795449, -46.074232685455435, 275.3556025977489
76, 28, -76.69691910159041, -34.56680941690989, 277.020042337974
25, 8, -59.22722719143137, -56.71012847521891, 271.3180381041766
7, 1, -48.00450447228823, -81.23911562769703, 270.9862342937589
2, 0, -32.90405402505941, -68.51520406492733, 276.387610864383
0, 0, -62.413648622553474, -47.4636836584346, 297.34884977794474
0, 0, -48.67228376029813, -37.21731529259114, 298.81396480015025
0, 0, -34.20505538426831, -32.09558376333203, 303.3325683201352
0, 0, -29.084549845841483, -20.986025386998826, 313.2993114881217
0, 0, -18.376094861257336, -11.887422848298943, 318.86938033930954
0, 0, -11.838485375131604, -6.4986805634690485, 321.38244230537856
0, 0, -4.454636837618444, 1.9511874928778568, 322.1441980748407
0, 0, 9.690826846143402, 4.156068743590072, 320.82977826735663
0, 0, 21.62174416152906, 4.840461869231065, 329.046800440621
0, 0, -6.440430254623845, 22.75641568230796, 344.9421203965589
0, 0, -0.19638722916146012, 31.280774114077165, 343.647908356903
0, 3.6232514937546862, 30.95269670266945, 341.18311752121264
0, 0, 7.560926344379217, 33.357427032402505, 342.6648057690914
0, 0, 12.904833709941297, 35.32168432916225, 341.69832519218227
0, 0, 15.314350338947168, 36.08951589624603, 342.62849267296406
0, 0, -14.917084694947551, 37.580564306621426, 347.66564340566765
0, 0, -8.725376225452795, 36.32250787595928, 339.5990790651009
0, 0, -0.5528386029075145, 35.890257088363356, 339.13917115859084
0, 0, 6.802445257383238, 39.901231379527026, 341.22525404273176
0, 25, 13.922200731644914, 4.111108241574325, 332.3027286384586
22, 6, 26.129980658480424, 25.599997417416894, 341.2724557746127
8, 0, 38.51698259263238, -3.7600023243247946, 331.8452101971514
1, 0, 38.165284333369144, -34.984002091892314, 328.66068917743627
0, 0, 40.04875590003223, -23.88560188270308, 335.19462025969267
0, 0, 8.943880310029009, -16.197041694432773, 330.47515823372345
0, 57, 18.249492279026107, -41.077337524989495, 329.7276424103511
0, 181, 27.924543051123496, -30.769603772490544, 339.054878169316
0, 96, 30.532088746011148, -25.29264339524149, 338.2493903523844
0, 34, 34.378879871410035, -22.363379055717346, 334.22445131714596
0, 11, 31.14099188426903, -8.42704115014561, 343.1020061854314
0, 86, 34.02689269584213, 3.9156629648689503, 359.79180556688823
0, 100, 40.224203426257915, -22.67590333161795, 338.51262501019943
0, 48, 46.60178308363212, -18.508312998456155, 341.06136250917945
0, 16, 53.841604775268905, -8.95748169861054, 332.4552262582615
0, 63, 53.457444297742015, -3.161733528749485, 340.0097036324354
5, 42, 50.51169986796781, 6.254439824125463, 352.20873326919184
0, 40, 63.36052988117103, -21.471004158287084, 346.7878599422727
0, 13, 63.22447689305393, -47.223903742458376, 341.1090739480454
0, 75, 57.20202920374854, -35.00151336821254, 352.2981665532409
0, 25, 59.481826283373685, -30.901362031391287, 337.7683498979168
0, 8, 67.03364365503631, -26.31122582825216, 349.4915149081251
2, 31.73027928953268, -5.08010324542694, 363.04236341731263
112, 249, 1.1572513605794121, 10.627907079115754, 358.73812707558136
40, 95, 9.841526224521472, 28.56511637120418, 357.56431436802325
13, 35, -22.042626397930675, 26.908604734083763, 362.207882931221
3, 12, -3.2383637581376057, -23.882255739324613, 330.38709463809886
66, 264, 4.185472617676155, 1.5059698346078463, 334.148385174289
121, 106, 7.46692535590854, -27.944627148852938, 313.8335466568601
53, 42, 26.42023282031769, 1.849835566032354, 310.2501919911741
70, 15, 23.97820953828592, 2.6648520094291186, 315.0251727920567
78, 4, 33.88038858445733, 28.898366808486205, 334.52265551285103
111, 1, 44.0923497260116, 36.20853012763759, 334.67038996156595
42, 0, 2.2831147534104375, 6.587677114873827, 352.20335096540936
211, 0, 11.054803278069393, 11.728909403386446, 337.0830158688685
79, 0, 14.049322950262454, -19.043981536952202, 332.37471428198165
29, 0, 27.84439065523621, -8.339583383256983, 325.4372428537835
10, 267, 32.15995158971259, -0.5056250449312847, 314.79351856840515
14, 126, 47.843956430741336, 25.744937459561847, 334.31416671156467
4, 60, 50.359560787667206, 38.170443713605664, 340.1827500404082
0, 21, 56.52360470890049, 34.653399342245095, 320.5644750363674
0, 7, 59.97124423801045, 43.38805940802059, 322.6080275327307
0, 1, 58.3741198142094, 51.54925346721853, 338.84722477945763
4, 0, 71.03670783278847, 55.19432812049668, 316.8625023015119
25, 41, 34.33303704950962, 8.074895308447012, 319.3762520713607
7, 12, 40.49973334455866, -20.83259422239769, 337.0386268642246
1, 3, 48.249760010102804, -15.44933480015792, 337.3347641778022
0, 0, 14.024784009092524, -13.50440132014213, 337.401287760022
0, 0, -14.77769439181673, -11.153961188127917, 341.46115898401985
0, 0, -6.599924952635058, -6.038565069315126, 344.41504308561787
0, 0, -2.5399324573715516, -40.23470856238362, 341.7735387770561
0, 10, 5.414060788365603, -32.41123770614526, 339.6961848993505
6, 819, 22.772654709529046, -13.070113935530731, 332.12656640941543
82, 278, 24.49538923857614, -8.863102541977659, 311.6139097684739
74, 113, 29.64585031471853, -4.676792287779893, 328.2525187916265
25, 45, 30.58126528324668, -37.1091130590019, 325.7272669124639
8, 17, -0.9768612450779877, -12.698201753101706, 344.15454022121753
1, 20, -42.87917512057019, 20.171618422208468, 360.73908619909577
6, 6, -11.091257608513168, -12.745543420012382, 375.6651775791862
76, 128, 16.51786815233815, -53.37098907801115, 389.0986598212676
26, 45, 28.366081337104333, -42.033890170210036, 368.78879383914085
146, 125, -6.170526796606101, -28.73050115318903, 375.0099144552268
50, 54, -43.65347411694549, -55.55745103787013, 363.0089230097041
17, -73.08812670525094, -38.80170593408312, 377.7080307087337
5, 14, -61.87931403472586, -32.62153534067481, 390.5372276378604
1, 37, -47.591382631253275, -9.05938180660733, 372.5835048740744
0, 14, -16.832244368127945, 29.046556374053406, 357.62515438666696
102, 100, 8.750980068684852, -11.858099263351935, 346.06263894800026
34, 14.475882061816367, -6.772289337016742, 319.75637505320026
27, 13.62829385563473, -37.49506040331507, 308.7807375478802
7, 10, 22.46546447007126, -62.44555436298357, 328.9026637930922
2, 2, -14.681081976935864, -89.00099892668521, 343.91239741378297
2304, -6.912973779242277, -115.8008990340167, 322.0211576724047
1280, 1, -33.72167640131805, -90.02080913061502, 339.7190419051642
0, 16, -19.449508761186244, -75.81872821755351, 336.84713771464783
69, 184, 2.595442114932382, -98.63685539579816, 312.96242394318307
111, 139, 11.935897903439145, -64.27316985621835, 332.66618154886476
38, 52, 18.04230811309523, -56.04585287059651, 322.29956339397825
3, 6, -11.461922698214295, -41.64126758353686, 318.16960705458047
0, 1, -39.91573042839287, -76.97714082518317, 288.5526463491224
33, 0, -27.024157385553586, -102.87942674266486, 277.59738171421014
9, 0, -20.721741646998225, -125.89148406839837, 267.13764354278914
4, 0, -10.849567482298404, -67.90233566155852, 291.4238791885102
347, 25, -50.964610734068565, -47.91210209540267, 229.08149126965924
163, 7, -72.0681496606617, -69.22089188586241, 216.67334214269331
65, 1, -55.76133469459554, -35.39880269727617, 214.806007928424
24, 0, -28.385201225135983, -10.358922427548553, 204.4254071355816
8, 86, -9.946681102622385, -69.2230301847937, 234.98286642202345
81, 622, 13.047987007639852, -16.400727166314326, 262.4845797798211
122, 217, 32.84318830687587, -41.9606544496829, 264.936121801839
42, 244, -2.04113052381172, -30.36458900471461, 289.4425096216551
14, 178, 4.762982528569452, -21.12813010424315, 297.6982586594896
4, 69, 4.886684275712508, -16.415317093818835, 296.22843279354066
0, 2, -23.201984151858746, -7.073785384436952, 296.1055895141866
0, 0, -47.08178573667287, -33.466406845993255, 293.99503056276797
0, 0, -39.87360716300559, -56.31976616139393, 296.49552750649116
0, 0, -25.58624644670503, -78.68778954525453, 300.74597475584204
0, 106, -13.827621802034527, -20.519010590729074, 321.67137728025784
180, 228, -3.144859621831074, -4.467109531656167, 330.7042395522321
64, 89, 33, 1.8696263403520335, -3.4203985784905506, 327.8338155970089
7, 11, 5.48266370631683, 1.8216412793585048, 325.150434037308
1, 0, 13.734397335685149, 3.0394771514226546, 323.3353906335772
0, 0, 19.460957602116636, 9.23552943628039, 325.2018515702195
0, 0, 0, 22.514861841904974, 14.71197649265235, 334.88166641319754
0, 0, -8.136624342285526, -29.859221156612886, 316.4934997718778
105, 74, 0.677038091943027, -23.973299040951595, 316.84414979469
38, 0, 2.9093342827487247, -21.175969136856438, 300.959734815221
106, 272, 14.918400854473854, -16.558372223170796, 298.7637613336989
47, 99, 19.62656076902647, -11.902535000853717, 307.187385200329
16, 37, 21.463904692123823, -42.21228150076835, 307.3686466802961
4, 29.917514222911443, -23.391053350691514, 309.03178201226643
0, 105, 321, 0.1257628006202971, -16.651948015622366, 294.0286038110398
61, 1347, 0, 5.813186520558268, -12.18675321406013, 313.72574342993585
0, 40, 80, 14.031867868502442, -7.068077892654117, 319.1531690869423
17, 29, 22.5286810816522, 3.438729896611296, 331.8378521782481
5, 10, 28.07581297348698, 9.194856906950166, 336.25406696042336
1, 3, 39.768231676138285, 17.67537121625515, 353.62866026438104
0, 0, 45.89140850852446, 20.307834094629637, 353.76579423794294
0, 60.40226765767201, 24.377050685166676, 346.18921481414867
7, 60.562040891904815, 24.53934561665001, 336.6702933327338
32, 60.70583680271434, 28.28541105498501, 334.70326399946043
9, 4, 0, 0, 63.635253122442904, 30.85686994948651, 339.1329375995144
0, 61.07172781019861, 35.47118295453786, 343.71964383956293
1280, 0, 57.864555029178746, 33.32406465908407, 330.0476794556066
0, 13, 56.37809952626087, 40.19165819317567, 326.74291151004593
30, 57.440289573634786, 5.572492373858104, 332.86862035904136
0, 53.19626061627131, 7.015243136472294, 324.28175832313724
0, 0, 49.87663455464418, 10.613718822825064, 320.6535824908235
0, 0, 50.488971099179764, 10.652346940542557, 320.38822424174117
0, 0, 50.24007398926179, 13.8871122464883, 320.9494018175671
0, 0, 51.41606659033561, 17.39840102183947, 326.1544616358104
0, 20.574459931302044, 32.75856091965552, 344.5390154722293
2304, 27.41701393817184, 30.282704827689972, 340.7851139250064
2304, 30.07531254435466, 32.55443434492098, 340.70660253250577
2304, 30.367781289919193, 33.69899091042888, 338.53594227925515
0, 2304, 0.8310031609272741, 34.62909181938599, 335.38234805132964
2304, 4.947902844834547, 38.46618263744739, 333.4441132461967
0, 0, 13.453112560351093, 45.71956437370265, 336.299701921577
0, 65, 20.107801304315984, 54.347607936332395, 334.76973172941933
0, 24, 26.29702117388439, 56.812847142699155, 340.0927585564774
0, 6, 32.36731905649595, 59.831562428429244, 341.78348270082967
0, 1, 36.93058715084636, 63.648406185586325, 338.20513443074674
0, 2304, 43.237528435761725, 67.1835655670277, 334.28462098767204
0, 41.51377559218555, 68.66520901032493, 330.25615888890485
0, 11.262398032966999, 66.19868810929243, 326.13054300001437
0, 2306, 13.0361582296703, 62.47881929836319, 322.21748870001295
0, 0, 23.63254240670327, 67.23093736852687, 322.69573983001163
0, 0, 28.569288166032944, 64.60784363167419, 329.82616584701043
0, 27.71235934942965, 58.84705926850677, 325.5435492623094
0, 9, -1.7588765855133168, 57.06235334165609, 323.48919433607847
0, 17, 2.9170110730380148, 55.35611800749049, 319.64027490247065
0, 4, 8.725309965734214, 57.72050620674144, 319.37624741222356
0, -17.84722103083921, 53.748455586067294, 310.1386226710012
0, -48.26249892775529, 21.773610027460563, 299.9247604039011
0, 2304, -37.23624903497976, 22.696249024714508, 299.83228436351095
1289, 0, -24.71262413148178, 20.92662412224306, 307.2490559271598
1280, 2304, -15.641361718333599, 22.633961710018752, 315.12415033444387
0, -5.577225546500239, 25.470565539016878, 318.0117353009995
0, -0.8195029918502152, 23.32350898511519, 324.5105617708995
0, 0, 7.962447307334807, 30.891158086603674, 318.9595055938096
7, 0, 14.166202576601327, 28.302042277943308, 312.56355503442865
1, 1, 25.949582318941196, 31.97183805014898, 317.30719953098577
0, 0, 35.85462408704708, 2.5746542451340773, 320.4764795778872
0, 0, 43.66916167834237, 2.5171888206206696, 327.3288316200985
0, 0, 1, 39.702245510508135, -26.534530061441398, 327.0959484580887
0, 0, 44.832020959457324, -19.881077055297258, 333.18635361227985
0, 0, 42.248818863511595, -47.492969349767534, 328.6677182510519
0, 0, 9.723936977160438, -73.74367241479078, 323.2009464259467
0, 0, -19.648456720555608, -105.0693051733117, 301.68085178335207
0, 0, -47.583611048500046, -126.16237465598053, 281.6127666050169
0, 0, -34.72524994365004, -150.84613719038248, 264.5514899445152
0, -56.85272494928504, -163.36152347134424, 258.1963409500637
5, 0, -84.06745245435653, -135.1253711242098, 276.77670685505734
13, 19, -103.56070720892089, -117.51283401178884, 284.99903616955163
2, 4, -86.5046364880288, -134.06155061060997, 280.8991325525964
0, 0, -103.45417283922592, -150.95539554954897, 274.6092192973368
0, -123.90875555530333, -161.85985599459408, 272.9482973676031
0, 2304, -110.017879999773, -176.4738703951347, 273.0534676308428
0, 11, -98.1160919997957, -185.62648335562125, 277.6481208677585
0, 2, -85.90448279981612, -159.7638350200591, 300.8833087809827
0, 42, -105.1140345198345, -140.88745151805318, 299.79497790288445
0, 13, -88.30263106785105, -126.29870636624787, 306.515480112596
0, 3, -74.67236796106596, -143.66883572962308, 308.3639321013364
0, 0, -61.005131164959366, -160.20195215666078, 313.22753889120276
0, 0, -81.90461804846343, -142.3817569409947, 310.90478500208246
0, 0, -72.2141562436171, -162.04358124689526, 302.8143065018742
32, 0, -54.59274061925539, -172.73922312220574, 306.5328758516868
9, 0, -45.63346655732985, -187.26530080998518, 287.47958826651814
16, 0, -71.17011990159686, -211.63877072898666, 276.4316294398663
90, 0, -57.05310791143718, -190.274893656088, 285.3884664958797
31, 0, -48.14779712029346, -164.9474042904792, 288.94961984629174
10, 0, -42.33301740826412, -183.9526638614313, 282.45465786166255
2, 0, -30.799715667437706, -149.35739747528817, 296.0091920754963
0, 0, -22.519744100693938, -120.92165772775937, 303.30827286794664
0, 0, -46.46776969062455, -104.32949195498344, 312.277445581152
0, 0, -38.2209927215621, -93.1965427594851, 313.7497010230368
0, 0, -34.19889344940589, -114.57688848353659, 303.6747309207331
0, 0, -57.879004104465295, -79.61919963518294, 324.30725782865983
119, 59, -81.69110369401878, -59.65727967166464, 342.67653204579386
98, -69.2219933246169, -38.39155170449817, 344.80887884121444
3, 0, -89.99979399215522, -65.35239653404835, 338.027990957093
0, 0, -106.9998145929397, -91.81715688064352, 323.12519186138366
0, 0, -90.59983313364573, -82.23544119257917, 323.11267267524534
0, 0, -74.23984982028117, -72.01189707332126, 330.7014054077208
0, 0, -59.91586483825305, -57.01070736598915, 330.43126486694877
0, 0, -47.52427835442775, -77.90963662939023, 325.2881383802539
0, 0, -81.77185051898498, -64.61867296645121, 343.7593245422285
0, 17, -70.99466546708649, -48.956805669806094, 349.3833920880057
0, 4, -91.79519892037784, -40.26112510282549, 350.7450528792051
0, 0, -80.51567902834006, -34.53501259254294, 344.0705475912846
3, 2304, -64.36411112550606, -24.981511333288648, 337.76349283215615
211, 10, -55.72770001295545, -48.78336019995979, 319.6871435489405
79, 1, -45.25493001165991, -20.30502417996381, 338.7184291940465
109, 0, -33.029437010493915, -14.174521761967426, 344.3465862746419
41, 0, -29.726493309444525, -44.557069585770684, 331.6119276471777
14, 0, -22.15384397850007, -73.80136262719361, 304.6507348824599
4, 0, -16.538459580650063, -95.02122636447424, 305.28566139421395
0, 0, -10.484613622585057, -78.71910372802682, 309.35709525479257
0, 0, -4.836152260326551, -66.74719335522416, 314.1213857293133
0, 0, 1.0474629657061048, -95.07247401970174, 312.009247156382
0, 0, 5.4427166691354945, -117.16522661773158, 296.7083224407438
72, 195, 9.898445002221944, -132.44870395595842, 307.8374901966695
368, 67, 13.80860050199975, -153.40383356036259, 312.05374117700256
148, 23, 15.427740451799776, -133.16345020432632, 310.0483670593023
60, 7, 19.8849664066198, -117.34710518389369, 310.443530353372
23, 1, 23.39646976595782, -93.51239466550433, 327.89917731803484
12, 817, 41.85682278936204, -156.5611551989539, 218.50925958623134
262, 251, -32.42885948957417, -122.40503967905852, 230.15833362760822
103, 101, -25.185973540616757, -107.36453571115267, 225.5425002648474
40, 39, -50.867376186555084, -84.52808214003741, 253.98825023836267
14, -42.28063856789958, -136.07527392603367, 263.6894252145264
62, 1, -64.25257471110962, -149.8677465334303, 252.7204826930738
22, 0, -56.62731723999865, -162.8809718800873, 258.14843442376645
7, -45.26458551599879, -175.49287469207857, 266.0335909813898
16, 0, -37.23812696439891, -153.6435872228707, 290.4302318832508
158, 0, -31.014314267959016, -164.07922850058364, 291.38720869492573
54, 0, -23.612882841163113, -145.5713056505253, 299.64848782543316
18, 0, -18.551594557046805, -156.91417508547278, 301.4836390428899
6, 0, 1280, 0, -3.8964351013421243, -134.8227575769255, 298.1352751386009
68, 0, 4.6932084087920884, -110.94048181923296, 303.8217476247408
24, 0, 6.32388756791288, -125.44643363730967, 304.53957286226677
8, 0, 7.291498811121592, -111.3017902735787, 282.6856155760401
2, 0, -51.53765106999057, -49.171611246220834, 305.4170540184361
818, 240, -84.48388596299151, -41.05445012159875, 302.6753486165925
291, 94, -74.53549736669235, -32.649005109438875, 318.9078137549333
120, 35, -65.48194763002313, -60.08410459849499, 302.01703237943997
49, 12, -85.43375286702081, -112.1756941386455, 322.81532914149597
18, 3, -45.29037758031874, -141.95812472478093, 255.0337962273464
495, 10, -68.56133982228687, -158.76231225230282, 203.83041660461174
187, 2, -92.70520584005818, -115.28608102707256, 234.44737494415057
77, 0, -82.53468525605236, -88.9574729243653, 257.60263744973554
30, 0, -72.58121673044712, -57.26172563192878, 239.842373704762
32, 5, -61.82309505740241, -81.93555306873591, 225.2581363342858
71, 0, -47.74078555166217, -69.04199776186232, 253.73232270085722
24, 0, -78.36670699649596, -88.5377979856761, 243.5590904307715
36, 0, -96.13003629684638, -110.8840181871085, 227.60318138769438
240, 2, -79.41703266716175, -133.89561636839764, 204.84286324892494
555, 146, -65.87532940044558, -162.4060547315579, 203.05857692403245
390, 50, -85.28779646040103, -174.1654492584021, 195.8527192316292
542, 17, -76.25901681436092, -112.84890433256189, 227.2674473084663
202, 4, -48.23311513292482, -98.8640138993057, 250.44070257761967
223, 4, -24.409803619632342, -86.27761250937513, 163.1966323198577
158, 82, -51.96882325766911, -70.94985125843762, 194.47696908787194
158, 302, -28.0719409319022, -103.75486613259386, 184.02927217908476
273, 164, -15.564746838711981, -122.97937951933449, 174.92634496117628
612, 191, -12.008272154840784, -98.08144156740104, 172.73371046505866
216, 90, -2.4074449393567043, -85.27329741066094, 181.66033941855278
228, 34, -0.4667004454210337, -62.44596766959485, 199.0943054766975
189, 40, 0.17996959912106975, -43.20137090263537, 225.18487492902776
71, 13, 7.361972639208963, -19.28123381237183, 253.66638743612498
158, 9, 8.425775375288067, -47.053110431134655, 235.0997486925125
144, 2, -23.31680216224074, -36.54779938802119, 245.48977382326126
252, 0, -13.885121946016667, -66.29301944921907, 228.14079644093513
250, 0, -40.996609751415, -58.963717504297165, 215.22671679684163
258, 9, 214, -35.6969487762735, -84.36734575386745, 166.30404511715747
648, 179, -59.62725389864615, -52.13061117848072, 117.17364060544173
226, 224, -92.16452850878153, -18.11755006063265, 145.05627654489757
95, 88, -81.74807565790337, -59.605795054569384, 180.25064889040783
39, 33, -72.97326809211305, -21.745215549112448, 176.62558400136706
55, 28, -111.07594128290175, -96.17069399420122, 161.66302560123034
656, 509, -74.06834715461157, -120.0536245947811, 196.49672304110732
301, 191, -98.26151243915041, -140.348262135303, 216.44705073699657
125, 78, -87.73536119523537, -120.71343592177271, 223.70234566329694
52, 30, -69.46182507571183, -104.64209232959544, 214.73211109696726
270, 89, -50.71564256814065, -70.77788309663589, 207.4588999872705
285, 50, -71.8440783113266, -89.9000947869723, 210.21300998854346
111, 17, -59.459670480193935, -69.11008530827507, 216.09170898968912
45, 5, -48.31370343217454, -91.09907677744756, 220.88253809072023
27, 1, -42.682333088957094, -115.4891690997028, 211.8942842816482
495, 152, -34.414099780061385, -100.54025218973253, 211.4048558534834
220, 238, -25.072689802055244, -132.2862269707593, 199.46437026813507
196, 217, -52.56542082184972, -119.05760427368337, 190.11793324132157
80, 106, -74.60887873966475, -96.45184384631503, 207.6061399171894
84, 114, -67.14799086569828, -137.20665946168353, 198.94552592547046
598, 254, -47.73319177912845, -163.38599351551517, 183.15097333292343
331, 321, -39.3598726012156, -207.94739416396365, 131.4358759996311
516, 205, -61.623885341094045, -221.35265474756727, 142.19228839966797
197, 129, -91.56149680698465, -241.51738927281056, 158.1730595597012
284, 95, -113.00534712628618, -244.9656503455295, 174.65575360373109
564, 226, -83.00481241365756, -217.46908531097654, 208.190178243358
208, 238, -70.3043311722918, -188.82217677987887, 197.7711604190222
626, 328, -91.17389805506262, -162.939959101891, 189.09404437711999
221, 129, -80.75650824955636, -175.4459631917019, 188.684639939408
92, 52, -99.08085742460074, -157.40136687253172, 186.4161759454672
38, 20, -85.47277168214066, -127.56123018527856, 201.27455835092047
372, 7, -110.8254945139266, -162.0051071667507, 127.64710251582844
693, 145, -156.24294506253395, -137.20459645007563, 122.0823922642456
239, 55, -166.31865055628055, -162.88413680506807, 151.07415303782105
136, -176.4867855006525, -145.59572312456126, 155.96673773403896
364, 2, -194.73810695058725, -118.13615081210514, 185.87006396063506
144, 0, -173.16429625552854, -105.72253573089463, 190.08305756457156
83, 0, -154.5478666299757, -92.95028215780518, 199.3747518081144
33, 0, -135.7930799669781, -116.45525394202465, 192.33727662730297
191, 0, -152.71377197028028, -140.0097285478222, 182.10354896457267
190, 0, -129.74239477325227, -118.10875569303997, 200.69319406811542
75, 0, -116.76815529592704, -90.19788012373598, 225.22387466130388
30, 0, -101.09133976633434, -74.27809211136238, 228.6014871951735
12, 0, -86.78220578970091, -62.45028290022615, 233.84133847565613
39, 0, -73.80398521073083, -50.50525461020353, 255.35720462809053
13, 0, -64.12358668965776, -44.65472914918318, 260.12148416528146
4, 0, -85.911228020692, -39.28925623426487, 271.40933574875334
5, 22, -72.9201052186228, -29.160330610838383, 283.168402173878
7, 22, -56.62809469676051, -56.044297549754546, 265.2515619564902
17, 6, -34.86528522708446, -76.93986779477909, 250.52640576084121
179, 52, -28.578756704376016, -58.54588101530118, 264.4737651847571
67, 17, -25.020881033938416, -45.991292913771055, 266.5263886662814
25, 5, -49.11879293054457, -38.29216362239395, 274.87374979965324
9, 0, -42.20691363749012, -28.162947260154557, 274.9863748196879
2, 0, -34.886222273741105, -17.3466525341391, 275.9877373377191
0, 0, -21.497600046366998, -15.01198728072519, 274.5889636039472
0, 0, -13.647840041730298, -8.010788552652672, 276.4300672435525
39, 0, -9.583056037557267, -3.4097096973874046, 274.5870605191973
13, 