0, 5, 1.9000000000000001, 33.9
0, 0, 10.100000000000001, 3.6100000000000003, 64.61
0, 0, 14.190000000000001, 5.2490000000000006, 92.94900000000001
0, 0, 17.171, 7.424100000000001, 117.95410000000001
0, 0, 19.253899999999998, 10.081690000000002, 140.65869
0, 0, 20.528509999999997, 11.873521000000002, 160.59282100000001
0, 0, 22.875659, 13.486168900000003, 178.83353890000004
0, 0, 25.8880931, 15.037552010000002, 195.25018501000005
0, 0, 28.79928379, 16.333796809000003, 210.22516650900005
0, 0, 31.619355411, 17.100417128100005, 223.90264985810006
0, 0, 33.4574198699, 17.990375415290007, 236.01238487229006
0, 0, 35.11167788291, 19.091337873761006, 246.91114638506104
0, 0, 36.900510094619, 19.78220408638491, 256.62003174655496
0, 0, 38.1104590851571, 20.40398367774642, 265.4580285718995
0, 0, 39.4994131766414, 20.76358530997178, 273.51222571470953
0, 0, 41.049471858977256, 21.287226778974606, 280.6610031432386
0, 0, 42.044524673079536, 21.658504101077146, 287.09490282891477
0, 0, 42.840072205771584, 22.19265369096943, 293.0854125460233
0, 0, 43.75606498519443, 23.07338832187249, 298.37687129142097
0, 0, 44.38045848667499, 23.666049489685243, 302.9391841622789
0, 0, 44.54241263800749, 23.69944454071672, 307.045265746051
0, 0, 43.588171374206745, 24.729500086645047, 310.74073917144585
0, 0, 45.02935423678608, 26.45655007798054, 314.4666652543013
0, 0, 45.92641881310747, -2.589104929817516, 321.21999872887113
0, 0, 47.93377693179672, -29.630194436835765, 323.19799885598405
0, 0, 48.44039923861705, -55.06717499315219, 325.37819897038565
0, 15, 46.396359314755344, -77.36045749383698, 327.24037907334707
0, 3, 47.25672338327981, -96.92441174445328, 329.01634116601235
0, 0, 45.93105104495183, -115.73197057000796, 331.31470704941114
0, 0, 46.33794594045665, -135.35877351300718, 331.2832363444701
0, 0, 47.30415134641099, -147.62289616170648, 335.4549127100231
0, 0, 50.273736211769894, -159.06060654553585, 334.50942143902085
0, 0, 53.946362590592905, -142.15454589098226, 339.2584792951188
0, 0, 53.85172633153361, -127.03909130188403, 341.93263136560694
0, 0, 54.166553698380255, -109.73518217169563, 344.73936822904625
0, 0, 56.54989832854223, -97.86166395452607, 343.96543140614165
0, 0, 60.69490849568801, -116.37549755907345, 345.0688882655275
0, 0, 60.02541764611921, -101.63794780316611, 348.4619994389747
0, 0, 64.72287588150729, -88.67415302284951, 349.21579949507725
0, 0, 69.35058829335657, -78.10673772056455, 350.59421954556956
0, 0, 73.21552946402092, -69.99606394850811, 352.43479759101257
0, 0, 75.59397651761883, -60.2964575536573, 350.3913178319113
0, 0, 74.93457886585695, -84.86681179829156, 351.75218604872015
0, 0, 70.14112097927126, -102.58013061846242, 350.07696744384816
0, 0, 69.32700888134414, -91.92211755661617, 342.4692706994633
0, 0, 65.79430799320973, -77.22990580095455, 348.82234362951704
0, 0, 71.11487719388876, -67.0069152208591, 349.24010926656536
0, 0, 70.40338947449989, -59.90622369877319, 351.0160983399088
0, 0, 76.6630505270499, -51.515601328895876, 351.4144885059179
0, 0, 72.39674547434493, -43.96404119600629, 346.27303965532616
0, 0, 71.85707092691044, -68.26763707640566, 343.3457356897935
0, 0, 68.8713638342194, -59.9408733687651, 344.51116212081416
0, 0, 67.38422745079745, -53.346786031888584, 347.0600459087328
0, 0, 67.34580470571771, -44.21210742869973, 350.75404131785956
0, 0, 62.71122423514594, -35.29089668582976, 347.6786371860736
0, 37, 58.84010181163135, -28.76180701724678, 349.51077346746627
0, 11, 58.25609163046822, -52.3856263155221, 357.1596961207197
0, 2, 26.1304824674214, -72.8470636839699, 354.54372650864775
0, 0, 28.01743422067926, -65.46235731557293, 352.089353857783
0, 0, 28.415690798611333, -86.51612158401565, 352.78041847200467
0, 0, 28.5741217187502, -107.86450942561409, 351.1023766248042
0, 0, 28.81670954687518, -92.17805848305268, 356.4921389623238
16, 0, 30.935038592187663, -78.56025263474741, 355.8429250660914
4, 0, 30.241534732968894, -68.50422737127268, 357.8586325594823
1, 0, 34.61738125967201, -88.55380463414541, 358.97276930353405
0, 0, 39.35564313370481, -107.39842417073088, 355.97549237318066
0, 0, 37.120078820334335, -94.05858175365779, 351.1779431358626
0, 0, 37.108070938300905, -83.55272357829202, 350.76014882227634
0, 0, 41.09726384447082, -70.99745122046282, 345.1841339400487
0, 0, 40.68753746002374, -62.69770609841654, 340.4657205460438
0, 0, 41.41878371402137, -55.32793548857489, 340.01914849143947
0, 0, 40.676905342619236, -46.9951419397174, 341.7172336422955
0, 0, 42.709214808357316, -32.895627745745664, 349.045510278066
0, 0, 44.83829332752158, -28.606064971171097, 353.54095925025945
0, 0, 46.05446399476943, -22.645458474053985, 352.1868633252335
0, 0, 45.34901759529249, -15.380912626648588, 352.8681769927101
0, 3, 48.71411583576324, -12.942821363983729, 351.5813592934391
0, 0, 47.542704252186915, -11.148539227585356, 350.4232233640952
0, 0, 49.388433826968225, -37.433685304826824, 354.7809010276857
0, 0, 50.3495904442714, -30.19031677434414, 348.0028109249171
0, 0, 49.21463139984426, -21.871285096909727, 347.6025298324254
0, 0, 49.59316825985984, -15.984156587218756, 344.94227684918286
0, 0, 52.033851433873856, -13.885740928496881, 345.4480491642646
0, 0, 55.23046629048647, -9.197166835647193, 343.1032442478381
0, 0, 54.30741966143783, -33.977450152082476, 353.2929198230543
0, 0, 52.37667769529404, -27.87970513687423, 357.66362784074886
0, 0, 56.63900992576464, -22.591734623186806, 351.497265056674
0, 0, 57.27510893318818, -48.73256116086813, 348.3475385510066
0, 0, 53.84759803986936, -69.95930504478132, 348.91278469590594
0, 0, 58.76283823588243, -62.963374540303185, 345.6215062263154
0, 0, 58.78655441229419, -52.16703708627287, 338.6593556036839
0, 0, 58.50789897106477, -45.65033337764559, 333.6934200433155
0, 0, 59.95710907395829, -37.485300039881025, 333.32407803898394
0, 0, 59.56139816656247, -29.036770035892925, 340.2916702350856
0, 0, 57.90525834990622, -25.633093032303634, 343.96250321157703
0, 0, 60.7147325149156, -19.569783729073272, 350.2662528904193
0, 0, 56.94325926342404, -13.912805356165947, 345.0396276013774
0, 0, 58.24893333708164, -7.621524820549352, 356.4356648412397
0, 0, 57.52404000337348, -34.65937233849442, 352.49209835711576
0, 0, 56.97163600303613, -57.793435104644985, 356.0428885214042
0, 54.17447240273252, -43.91409159418048, 352.9385996692638
0, 0, 56.15702516245927, -37.822682434762434, 360.2447397023374
0, 0, 58.64132264621335, -60.04041419128619, 352.4202657321037
0, 0, 0, 56.07719038159201, -47.63637277215757, 352.67823915889335
0, 0, 56.96947134343281, -40.27273549494181, 353.21041524300404
0, 0, 0, 0, 60.57252420908952, -36.04546194544763, 355.4893737187037
0, 0, 60.81527178818057, -32.340915750902866, 352.74043634683335
0, 0, 60.43374460936251, -28.90682417581258, 352.66639271215
0, 0, 62.09037014842627, -18.416141758231323, 349.399753440935
0, 0, 61.08133313358364, -10.67452758240819, 349.35977809684147
0, 0, 58.07319982022528, -3.6070748241673716, 355.92380028715735
0, 0, 58.86587983820275, 0.3536326582493654, 349.8314202584416
0, 0, 55.079291854382475, 5.518269392424429, 352.04827823259745
0, 53.671362668944234, 8.766442453181986, 347.8434504093377
0, 0, 53.804226402049814, -18.910201792136213, 354.55910536840395
0, 0, 53.62380376184483, -15.619181612922594, 357.70319483156356
0, 0, 55.36142338566035, -13.257263451630333, 359.4328753484072
0, 0, 53.02528104709432, -7.4315371064672995, 353.1895878135665
0, 0, 49.622752942384885, -5.28838339582057, 360.8706290322099
3, 0, 46.7604776481464, -30.459545056238515, 360.1835661289889
0, 0, 47.88442988333176, -26.013590550614666, 356.66520951609004
0, 0, 47.79598689499859, -19.7122314955532, 354.99868856448103
0, 0, 50.516388205498735, -17.54100834599788, 354.29881970803297
0, 0, 54.76474938494886, -12.086907511398092, 347.26893773722963
0, 0, 55.788274446453975, -7.078216760258282, 348.54204396350667
0, 0, 50.70944700180858, 2.129604915767546, 348.687839567156
0, 0, 0, 49.83850230162772, 3.4166444241907916, 346.4190556104404
0, 0, 50.85465207146495, 9.474979981771714, 351.8771500493964
0, 0, 0, 47.06918686431845, 14.927481983594543, 352.6894350444568
0, 0, 44.462268177886614, 21.43473378523509, 352.52049154001116
0, 0, 44.816041360097955, 21.191260406711578, 349.26844238601007
0, 0, 48.434437224088164, 22.07213436604042, 350.14159814740907
0, 0, 49.69099350167935, 24.364920929436376, 348.6274383326682
0, 0, 46.52189415151141, 26.92842883649274, 341.9646944994014
0, 0, 45.669704736360266, 30.035585952843466, 351.6682250494613
0, 0, 46.50273426272424, 34.13202735755912, 344.60140254451517
0, 0, 0, 45.85246083645182, 38.21882462180321, 342.64126229006365
0, 0, 45.067214752806635, 38.59694215962289, 343.27713606105726
0, 45.360493277525975, 35.93724794366061, 339.24942245495157
0, 0, 45.024443949773385, 41.14352314929455, 345.5244802094564
0, 1280, 2304, 45.921999554796045, 37.429170834365095, 344.97203218851075
0, 0, 45.429799599316446, 36.48625375092858, 342.07482896965973
0, 0, 0, 47.58681963938481, 37.737628375835726, 343.4673460726938
0, 0, 0, 0, 49.72813767544633, 38.46386553825216, 340.8206114654244
0, 0, 0, 47.8553239079017, 42.117478984426945, 339.33855031888197
1280, 0, 0, 2304, 49.36979151711154, 40.30573108598425, 337.5046952869938
0, 1280, 0, 54.43281236540039, 38.275157977385824, 335.35422575829443
2304, 16.289531128860347, 35.34764217964724, 327.318803182465
0, -15.53942198402569, 32.81287796168252, 326.5869228642185
1280, 0, -13.385479785623122, 3.4315901655142653, 320.3282305777966
0, 0, -41.64693180706081, -22.611568851037163, 318.19540752001694
39, 0, -63.58223862635473, -53.750411965933445, 309.37586676801527
13, 0, -85.42401476371927, -76.9753707693401, 312.73828009121377
10, 0, -71.48161328734734, -97.9778336924061, 307.06445208209243
39, 0, -92.33345195861261, -84.5800503231655, 308.1580068738832
11, 0, 1280, 0, 0, -112.00010676275136, -103.12204529084894, 303.74220618649485
0, 24, -131.50009608647622, -119.00984076176405, 301.56798556784537
0, 6, -144.9500864778286, -136.50885668558766, 295.11118701106085
0, 2304, -159.35507783004573, -151.8579710170289, 299.8000683099548
10, 0, -135.21957004704117, -169.572173915326, 286.1200614789593
0, 0, -147.29761304233705, -189.3149565237934, 296.0080553310634
27, 0, 2304, -162.76785173810333, -200.18346087141407, 293.2072497979571
0, 0, -134.69106656429298, -209.3651147842727, 289.3865248181614
0, 0, -111.82195990786369, -215.72860330584544, 283.44787233634526
0, 0, -98.23976391707731, -225.1557429752609, 267.40308510271075
0, 0, -79.61578752536958, -199.5401686777348, 274.4627765924397
0, 0, -103.65420877283263, -174.38615180996135, 279.3164989331957
0, 0, -86.58878789554937, -153.94753662896522, 280.58484903987613
0, 0, -75.22990910599444, -135.85278296606873, 280.8263641358885
0, 0, -66.406918195395, -154.06750466946187, 283.4437277222997
0, 0, -57.766226375855496, -172.66075420251568, 293.19935495006973
0, 0, 0, -49.38960373826995, -183.69467878226413, 293.9794194550628
0, 0, -29.550643364442955, -159.62521090403774, 303.68147750955654
0, 0, -52.79557902799866, -174.26268981363395, 305.5133297586009
0, 0, -35.0160211251988, -183.73642083227057, 299.7619967827408
0, 117, -18.214419012678917, -196.0627787490435, 319.1857971044667
29, 40, -5.292977111411023, -175.15650087413914, 312.46721739402005
8, 13, -34.66367940026992, -146.24085078672522, 332.22049565461805
2, 3, -26.99731146024293, -127.1167657080527, 324.49844608915623
0, 0, -21.397580314218636, -140.90508913724744, 316.5486014802406
0, 0, -16.957822282796773, -153.5145802235227, 307.89374133221656
0, 0, -8.662040054517096, -130.16312220117044, 321.4043671989949
0, 0, -3.795836049065387, -143.2468099810534, 315.06393047909546
0, 0, 0.28374755584115174, -154.52212898294806, 316.55753743118595
0, 0, 2.4553728002570367, -132.66991608465327, 320.60178368806737
0, 0, 2.809835520231333, -117.80292447618795, 308.24160531926066
0, 0, -24.1711480317918, -135.32263202856916, 294.2174447873346
0, 0, -19.254033228612624, -121.19036882571226, 299.5957003086012
0, 0, -47.32862990575136, -101.27133194314104, 315.1361302777411
0, 0, -37.69576691517623, -87.44419874882693, 321.52251724996694
0, 0, -29.72619022365861, -75.09977887394425, 323.9702655249703
0, 0, -52.953571201292746, -102.98980098654982, 321.87323897247325
0, 3, -42.45821408116347, -123.69082088789484, 313.48591507522593
0, 0, -35.21239267304712, -141.72173879910537, 297.43732356770334
0, 0, -60.49115340574241, -123.34956491919483, 297.59359121093297
0, 0, -53.74203806516817, -137.11460842727536, 285.3342320898397
0, 123, -34.567834258651345, -91.70314758454782, 269.9008088808558
146, 259, -59.51105083278621, -65.33283282609304, 293.9107279927702
51, 103, -48.759945749507594, -56.199549543483734, 289.91965519349316
17, 202, -85.78395117455685, -31.77959458913536, 311.92768967414383
42, 146, -75.00555605710116, -59.301635130221825, 294.23492070672944
12, 54, -66.90500045139105, -84.87147161719965, 292.91142863605654
3, 64, -57.01450040625194, -115.08432445547969, 302.7202857724509
0, 22, -44.91305036562675, -155.97589200993173, 278.24825719520584
30, -66.02174532906409, -139.07830280893856, 281.52343147568524
1, 819, -102.71957079615768, -92.17047252804471, 304.3710883281167
62, 255, -136.34761371654193, -40.75342527524025, 324.93397949530504
259, 105, -109.91285234488774, -103.57808274771622, 245.04058154577453
97, 43, -143.92156711039897, -82.0202744729446, 226.8365233911971
235, 295, -123.92941039935909, -69.31824702565015, 215.1528710520774
97, 121, -107.03646935942318, -91.38642232308513, 215.03758394686966
38, 49, -126.73282242348087, -47.54778009077661, 213.3338255521827
22, 65, -108.65954018113278, -35.79300208169895, 243.00044299696444
7, 25, -86.79358616301951, -31.513701873529055, 238.000398697268
2, 9, -72.01422754671756, -26.96233168617615, 253.3003588275412
0, 3, -64.21280479204582, -53.36609851755854, 249.7703229447871
0, 0, -47.19152431284123, -47.12948866580269, 250.2932906503084
0, 0, -37.07237188155711, -68.71653979922242, 263.5639615852776
0, 0, -28.465134693401403, -60.944885819300175, 264.20756542674985
0, 0, -22.218621224061266, -54.05039723737016, 269.1868088840749
0, 0, -17.29675910165514, -76.84535751363316, 267.4681279956674
0, 0, -11.267083191489629, -65.86082176226985, 263.1213151961006
0, 0, -6.540374872340667, -88.07473958604287, 269.30918367649053
0, 0, -1.0863373851066003, -105.86726562743857, 277.9782653088415
0, 0, 3.22229635340406, -122.28053906469472, 278.38043877795735
0, 0, 7.600066718063655, -108.95248515822526, 283.2423949001616
0, 9.94006004625729, -96.45723664240273, 280.11815541014545
0, 15.446054041631562, -83.91151297816246, 282.6063398691309
0, 0, 14.601448637468406, -67.02036168034621, 288.3457058822178
0, 0, -13.358696226278434, -88.5183255123116, 293.3111352939961
0, -40.122826603650594, -78.16649296108045, 289.7800217645965
0, 2, -33.81054394328554, -100.4498436649724, 288.2020195881368
2, -26.329489548956982, -79.50485929847517, 285.7818176293231
0, 0, -21.996540594061283, -67.45437336862766, 290.30363586639083
0, 0, -17.696886534655153, -60.50893603176489, 288.5732722797518
0, 0, -42.92719788118964, -80.9580424285884, 283.5159450517766
0, 0, -33.634478093070676, -71.26223818572957, 284.76435054659896
0, 0, -55.87103028376361, -63.83601436715662, 282.4879154919391
0, 0, -43.683927255387246, -86.75241293044097, 282.1391239427452
0, 0, -37.51553452984852, -72.57717163739687, 282.1252115484707
0, 0, -29.763981076863672, -64.2194544736572, 279.71269039362363
0, 0, -23.587582969177305, -85.99750902629148, 284.8414213542613
0, 0, -48.92882467225958, -103.09775812366235, 282.25727921883515
0, 0, -42.33594220503362, -88.98798231129612, 285.23155129695164
0, 0, -37.40234798453025, -79.48918408016652, 296.3083961672565
0, 0, -28.862113186077227, -63.54026567214987, 298.6775565505308
0, 0, -24.775901867469507, -84.38623910493489, 303.80980089547774
0, 0, -47.89831168072256, -105.54761519444139, 302.02882080592997
0, 0, -39.308480512650306, -86.29285367499725, 305.02593872533697
0, 0, -25.577632461385274, -75.46356830749752, 304.3233448528033
0, 0, -19.219869215246746, -98.41721147674778, 301.291010367523
0, 0, -17.19788229372207, -88.075490329073, 302.5619093307707
0, 0, -11.978094064349865, -72.0679412961657, 309.7057183976936
0, 0, -9.980284657914877, -57.26114716654913, 317.83514655792425
0, 0, -5.382256192123391, -48.13503244989422, 323.9516319021318
0, 0, 2.855969427088948, -41.3215292049048, 330.65646871191865
0, 0, 6.470372484380054, -30.08937628441432, 334.3908218407268
0, 0, 6.723335235942049, -58.48043865597289, 340.25173965665414
0, 0, -24.548998287652157, -49.0323947903756, 331.32656569098873
0, 0, -16.19409845888694, -40.429155311338036, 334.7939091218899
0, 0, -11.274688612998247, -33.18623978020423, 331.91451820970093
0, 0, -9.047219751698423, -26.66761580218381, 334.32306638873087
0, 0, -6.542497776528581, -21.20085422196543, 334.49075974985783
0, 0, -5.588247998875723, -15.080768799768887, 331.6416837748721
0, 0, 0.07057680101184971, -44.472691919792, 320.2775153973849
0, 0, 6.763519120910665, -70.52542272781281, 313.84976385764645
0, 0, 10.087167208819599, -60.57288045503153, 310.1647874718818
0, 0, 10.178450487937639, -54.41559240952838, 314.7483087246937
0, 0, -19.239394560856127, -45.974033168575545, 314.37347785222437
0, 0, -10.615455104770515, -40.17662985171799, 313.23613006700197
0, 0, -7.353909594293463, -34.45896686654619, 315.5125170603018
0, 